fold,tmin,true_label,left-hand,right-hand
1,2.5,left-hand,0.9789485,0.021051496
1,2.5,left-hand,0.92086303,0.07913696
1,2.5,right-hand,0.05303532,0.9469647
1,2.5,right-hand,0.46466857,0.5353314
1,2.5,right-hand,0.017618716,0.9823813
1,2.5,right-hand,0.9887248,0.011275143
1,2.5,right-hand,0.014834881,0.9851651
1,2.5,left-hand,0.99207175,0.007928252
1,2.5,right-hand,0.31978893,0.68021107
1,2.5,left-hand,0.4299426,0.5700574
1,2.5,left-hand,0.87488055,0.12511943
1,2.5,right-hand,0.09127623,0.9087238
1,2.5,left-hand,0.49053228,0.5094677
1,2.5,left-hand,0.76616573,0.23383427
1,2.5,left-hand,0.42300886,0.57699114
1,2.5,right-hand,0.5547724,0.4452276
1,2.5,left-hand,0.77847296,0.22152704
1,2.5,right-hand,0.011249602,0.9887504
1,2.5,left-hand,0.9429227,0.057077277
1,2.5,right-hand,0.022327721,0.9776723
1,2.5,right-hand,0.002612412,0.9973876
1,2.5,left-hand,0.09825772,0.9017423
1,2.5,left-hand,0.9908623,0.009137675
1,2.5,left-hand,0.8348686,0.16513138
1,2.5,right-hand,0.48807186,0.51192814
1,2.5,right-hand,0.6552787,0.3447213
1,2.5,left-hand,0.0058749914,0.994125
1,2.5,right-hand,0.9731466,0.026853377
1,2.5,right-hand,0.36736315,0.63263685
1,2.5,right-hand,0.45732927,0.5426707
1,2.5,left-hand,0.7909514,0.20904863
1,2.5,left-hand,0.655234,0.34476602
1,2.5,left-hand,0.98426056,0.015739445
1,2.5,right-hand,0.2556163,0.7443837
1,2.5,left-hand,0.4342876,0.5657124
1,2.5,left-hand,0.984592,0.015407978
1,2.5,left-hand,0.906513,0.09348701
1,2.5,right-hand,0.26891232,0.7310877
1,2.5,right-hand,0.05148971,0.9485103
1,2.5,right-hand,0.8077504,0.19224961
1,2.5,right-hand,0.10071331,0.8992867
1,2.5,left-hand,0.93451124,0.06548874
1,2.5,left-hand,0.97953933,0.020460648
1,2.5,left-hand,0.006866634,0.99313337
1,2.5,left-hand,0.97854227,0.021457708
1,2.5,left-hand,0.96479553,0.035204455
1,2.5,right-hand,0.30049717,0.6995028
1,2.5,left-hand,0.09319079,0.9068092
1,2.5,left-hand,0.7956318,0.20436816
1,2.5,right-hand,0.007278025,0.992722
1,2.5,right-hand,0.7674833,0.23251672
1,2.5,left-hand,0.80334455,0.19665547
1,2.5,right-hand,0.8045515,0.19544853
1,2.5,right-hand,0.08911812,0.9108819
1,2.5,left-hand,0.9799148,0.020085204
1,2.5,right-hand,0.08406621,0.9159338
1,2.5,right-hand,0.7433765,0.25662348
1,2.5,right-hand,0.09788203,0.90211797
