fold,tmin,true_label,left-hand,right-hand
1,2.5,left-hand,0.7808726610339484,0.21912733896605158
1,2.5,left-hand,0.9012345500143066,0.09876544998569343
1,2.5,right-hand,9.43685172429273e-06,0.9999905631482756
1,2.5,right-hand,0.2896434411116589,0.7103565588883411
1,2.5,right-hand,0.120244464047917,0.879755535952083
1,2.5,right-hand,0.9151407783717238,0.08485922162827614
1,2.5,right-hand,0.011657933417573004,0.988342066582427
1,2.5,left-hand,0.9739182854034608,0.026081714596539164
1,2.5,right-hand,0.4174228190890297,0.5825771809109704
1,2.5,left-hand,0.6867086764360887,0.3132913235639112
1,2.5,left-hand,0.6508948998804772,0.3491051001195227
1,2.5,right-hand,0.13910380060146085,0.8608961993985392
1,2.5,left-hand,0.34990140907124534,0.6500985909287548
1,2.5,left-hand,0.4551072288667341,0.5448927711332658
1,2.5,left-hand,0.2548878438736377,0.7451121561263623
1,2.5,right-hand,0.4743417997153052,0.5256582002846948
1,2.5,left-hand,0.34837042613968894,0.6516295738603112
1,2.5,right-hand,0.08605099328949761,0.9139490067105024
1,2.5,left-hand,0.4737450023329055,0.5262549976670945
1,2.5,right-hand,0.020293644689114144,0.9797063553108858
1,2.5,right-hand,0.00019023577987292635,0.9998097642201271
1,2.5,left-hand,0.2494692039297372,0.7505307960702629
1,2.5,left-hand,0.8913123301063114,0.10868766989368858
1,2.5,left-hand,0.48736641265174563,0.5126335873482544
1,2.5,right-hand,0.318466613807091,0.6815333861929089
1,2.5,right-hand,0.2781826775051628,0.7218173224948371
1,2.5,left-hand,0.1716587929430844,0.8283412070569157
1,2.5,right-hand,0.5451419338230828,0.4548580661769172
1,2.5,right-hand,0.18535231579996775,0.8146476842000322
1,2.5,right-hand,0.34252293680854506,0.657477063191455
1,2.5,left-hand,0.7759660784653689,0.22403392153463103
1,2.5,left-hand,0.4551324030765973,0.5448675969234026
1,2.5,left-hand,0.9999545665227938,4.543347720629398e-05
1,2.5,right-hand,0.18997079572615902,0.8100292042738408
1,2.5,left-hand,0.4960533257995578,0.5039466742004423
1,2.5,left-hand,0.7306007842400336,0.26939921575996645
1,2.5,left-hand,0.8535246158759366,0.14647538412406336
1,2.5,right-hand,0.08067811174004894,0.9193218882599511
1,2.5,right-hand,0.38047909808466196,0.619520901915338
1,2.5,right-hand,0.3272366136803076,0.6727633863196923
1,2.5,right-hand,0.34631645865986344,0.6536835413401366
1,2.5,left-hand,0.7373879661505978,0.26261203384940235
1,2.5,left-hand,0.976262587070018,0.02373741292998201
1,2.5,left-hand,0.09130308560965002,0.9086969143903499
1,2.5,left-hand,0.9995390791833713,0.0004609208166288201
1,2.5,left-hand,0.9331611629950465,0.06683883700495365
1,2.5,right-hand,0.2675388139511303,0.7324611860488697
1,2.5,left-hand,0.08437242665709734,0.9156275733429027
1,2.5,left-hand,0.5148096038519191,0.485190396148081
1,2.5,right-hand,0.04109763658531996,0.95890236341468
1,2.5,right-hand,0.28403604250408576,0.7159639574959142
1,2.5,left-hand,0.5661890891691218,0.4338109108308781
1,2.5,right-hand,0.5393558089590432,0.46064419104095683
1,2.5,right-hand,0.36128777574188126,0.6387122242581187
1,2.5,left-hand,0.9304475886959312,0.06955241130406879
1,2.5,right-hand,0.23696152511101568,0.7630384748889844
1,2.5,right-hand,0.3992368127334663,0.6007631872665337
1,2.5,right-hand,0.15240370398536351,0.8475962960146366
