fold,tmin,true_label,left-hand,right-hand
1,2.5,left-hand,0.9055951328545222,0.0944048671454778
1,2.5,left-hand,0.9487089708100294,0.051291029189970604
1,2.5,right-hand,0.017619572223718016,0.982380427776282
1,2.5,right-hand,0.27267579153457633,0.7273242084654237
1,2.5,right-hand,0.0965871554412846,0.9034128445587154
1,2.5,right-hand,0.9464271371315949,0.053572862868405104
1,2.5,right-hand,0.07155032794777005,0.92844967205223
1,2.5,left-hand,0.9896185011744612,0.010381498825538847
1,2.5,right-hand,0.33783018471602944,0.6621698152839706
1,2.5,left-hand,0.6926263743513307,0.3073736256486693
1,2.5,left-hand,0.875923540306278,0.12407645969372202
1,2.5,right-hand,0.21446836060545793,0.7855316393945421
1,2.5,left-hand,0.6044945043319199,0.3955054956680801
1,2.5,left-hand,0.8563004120787446,0.14369958792125534
1,2.5,left-hand,0.23926615498756354,0.7607338450124365
1,2.5,right-hand,0.4893686153510175,0.5106313846489825
1,2.5,left-hand,0.5765400822970637,0.4234599177029363
1,2.5,right-hand,0.14895246344383806,0.8510475365561619
1,2.5,left-hand,0.8026817871072822,0.19731821289271784
1,2.5,right-hand,0.10129561725933112,0.8987043827406689
1,2.5,right-hand,0.010396414331202197,0.9896035856687978
1,2.5,left-hand,0.1820893928877365,0.8179106071122635
1,2.5,left-hand,0.905853720528278,0.0941462794717221
1,2.5,left-hand,0.7367419898684138,0.26325801013158623
1,2.5,right-hand,0.31775423124395763,0.6822457687560424
1,2.5,right-hand,0.46453064788247234,0.5354693521175277
1,2.5,left-hand,0.19883573465048843,0.8011642653495116
1,2.5,right-hand,0.8436497179660779,0.1563502820339221
1,2.5,right-hand,0.14069945110680204,0.859300548893198
1,2.5,right-hand,0.20590622338945064,0.7940937766105494
1,2.5,left-hand,0.8098611988195419,0.19013880118045812
1,2.5,left-hand,0.704228194059558,0.295771805940442
1,2.5,left-hand,0.9966346907744406,0.003365309225559391
1,2.5,right-hand,0.11630356317034574,0.8836964368296543
1,2.5,left-hand,0.5849778870764739,0.41502211292352603
1,2.5,left-hand,0.8422167577621713,0.15778324223782866
1,2.5,left-hand,0.9606843302079779,0.03931566979202209
1,2.5,right-hand,0.12287759037944146,0.8771224096205585
1,2.5,right-hand,0.3062053357160447,0.6937946642839553
1,2.5,right-hand,0.279699433907715,0.720300566092285
1,2.5,right-hand,0.19611043760808433,0.8038895623919157
1,2.5,left-hand,0.7627564361778871,0.23724356382211292
1,2.5,left-hand,0.9634854737992752,0.03651452620072477
1,2.5,left-hand,0.042657558230222214,0.9573424417697778
1,2.5,left-hand,0.9879863737334912,0.012013626266508861
1,2.5,left-hand,0.8987457440899748,0.10125425591002525
1,2.5,right-hand,0.443678634638888,0.556321365361112
1,2.5,left-hand,0.1633628721546052,0.8366371278453948
1,2.5,left-hand,0.5498196553542352,0.4501803446457649
1,2.5,right-hand,0.039089457430945496,0.9609105425690545
1,2.5,right-hand,0.6515553076462939,0.34844469235370606
1,2.5,left-hand,0.5609151206115472,0.43908487938845275
1,2.5,right-hand,0.6410136933124124,0.35898630668758763
1,2.5,right-hand,0.5093756848537734,0.4906243151462267
1,2.5,left-hand,0.9691988100180037,0.03080118998199636
1,2.5,right-hand,0.30148360073835023,0.6985163992616498
1,2.5,right-hand,0.3780512683786599,0.6219487316213401
1,2.5,right-hand,0.3856826522718989,0.6143173477281011
