fold,tmin,true_label,left-hand,right-hand
1,3.5,left-hand,0.8369693111928247,0.1630306888071753
1,3.5,right-hand,0.10172621452759471,0.8982737854724052
1,3.5,left-hand,0.7504540236166904,0.2495459763833096
1,3.5,left-hand,0.03224582085032399,0.967754179149676
1,3.5,right-hand,0.015333911796336724,0.9846660882036632
1,3.5,right-hand,0.750300105989417,0.249699894010583
1,3.5,left-hand,0.6118899479445754,0.38811005205542465
1,3.5,right-hand,0.8146663391856783,0.18533366081432176
1,3.5,left-hand,0.7932333262628692,0.20676667373713076
1,3.5,right-hand,0.7045748114535524,0.29542518854644756
1,3.5,right-hand,0.02647279035069552,0.9735272096493045
1,3.5,left-hand,0.8272807126321031,0.17271928736789685
1,3.5,left-hand,0.9981335384156521,0.0018664615843479995
1,3.5,right-hand,0.023504097506442383,0.9764959024935576
1,3.5,right-hand,0.00855517356134204,0.9914448264386581
1,3.5,left-hand,0.8134483555287442,0.18655164447125586
1,3.5,right-hand,0.7055456811194892,0.2944543188805108
1,3.5,left-hand,0.14644694227460026,0.8535530577253997
1,3.5,left-hand,0.9983562248623786,0.001643775137621368
1,3.5,left-hand,0.8224925339576487,0.1775074660423513
1,3.5,right-hand,0.7790186663459712,0.2209813336540289
1,3.5,right-hand,0.39023987261354187,0.6097601273864581
1,3.5,right-hand,0.04688059286529318,0.9531194071347069
1,3.5,left-hand,0.8277875837538974,0.17221241624610256
