fold,tmin,true_label,left-hand,right-hand
1,3.5,left-hand,0.9647139,0.03528614
1,3.5,right-hand,0.17983317,0.8201668
1,3.5,left-hand,0.7267991,0.27320093
1,3.5,left-hand,0.18986917,0.81013083
1,3.5,right-hand,0.015064061,0.98493594
1,3.5,right-hand,0.045637906,0.9543621
1,3.5,left-hand,0.8178628,0.1821372
1,3.5,right-hand,0.052755594,0.9472444
1,3.5,left-hand,0.8695525,0.13044754
1,3.5,right-hand,0.3192439,0.6807561
1,3.5,right-hand,0.003556192,0.9964438
1,3.5,left-hand,0.99714756,0.0028524569
1,3.5,left-hand,0.99846834,0.0015316388
1,3.5,right-hand,0.010439873,0.9895601
1,3.5,right-hand,0.008928537,0.99107146
1,3.5,left-hand,0.8935497,0.10645031
1,3.5,right-hand,0.04705,0.95295
1,3.5,left-hand,0.23152405,0.76847595
1,3.5,left-hand,0.9969343,0.00306572
1,3.5,left-hand,0.8559653,0.14403468
1,3.5,right-hand,0.02553159,0.9744684
1,3.5,right-hand,0.03031671,0.9696833
1,3.5,right-hand,0.02386427,0.97613573
1,3.5,left-hand,0.90073884,0.09926117
