fold,tmin,true_label,left-hand,right-hand
1,3.5,left-hand,0.5872862608770915,0.41271373912290854
1,3.5,right-hand,0.21389185883287865,0.7861081411671214
1,3.5,left-hand,0.8142534134475403,0.18574658655245962
1,3.5,left-hand,0.1588778140063528,0.8411221859936472
1,3.5,right-hand,0.18741317969027926,0.8125868203097207
1,3.5,right-hand,0.6871980832971645,0.3128019167028356
1,3.5,left-hand,0.3944243188899941,0.6055756811100059
1,3.5,right-hand,0.7155202972910282,0.2844797027089718
1,3.5,left-hand,0.806099409789231,0.193900590210769
1,3.5,right-hand,0.4123320895009539,0.5876679104990461
1,3.5,right-hand,0.04727034044060141,0.9527296595593986
1,3.5,left-hand,0.8935505424621475,0.10644945753785247
1,3.5,left-hand,0.9680138471273171,0.03198615287268296
1,3.5,right-hand,0.057452202247986306,0.9425477977520137
1,3.5,right-hand,0.026968581217082455,0.9730314187829175
1,3.5,left-hand,0.8046744388639957,0.19532556113600424
1,3.5,right-hand,0.7102888199632436,0.2897111800367564
1,3.5,left-hand,0.28297246719864033,0.7170275328013597
1,3.5,left-hand,0.9747050194987105,0.02529498050128958
1,3.5,left-hand,0.7876572908531883,0.21234270914681175
1,3.5,right-hand,0.5419260861768512,0.45807391382314877
1,3.5,right-hand,0.2923940526148292,0.7076059473851708
1,3.5,right-hand,0.09621448121656317,0.9037855187834368
1,3.5,left-hand,0.6321900479746165,0.3678099520253835
